20.00 20.00 20.00 20.00 20.00 20.00 20.00 20.00 20.00 20.00 20.00 20.00 
20.00 18.82 17.77 16.91 16.33 16.04 16.05 16.35 16.94 17.79 18.84 20.00 
20.00 17.76 15.73 14.12 13.00 12.46 12.48 13.06 14.19 15.79 17.79 20.00 
20.00 16.87 14.06 11.81 10.30 9.56 9.62 10.43 11.98 14.20 16.95 20.00 
20.00 16.21 12.80 10.12 8.33 7.52 7.64 8.65 10.50 13.12 16.38 20.00 
20.00 15.73 11.95 9.00 7.13 6.35 6.64 7.81 9.81 12.59 16.08 20.00 
20.00 15.39 11.36 8.34 6.53 6.02 6.63 7.99 9.95 12.57 16.01 20.00 
20.00 15.03 10.83 7.84 6.32 6.31 7.71 9.32 11.02 12.93 16.03 20.00 
20.00 14.41 10.00 7.16 6.02 6.83 10.17 12.19 13.29 13.20 15.78 20.00 
20.00 13.01 8.38 5.80 5.01 6.12 9.81 11.72 12.41 11.70 14.39 20.00 
20.00 9.53 5.26 3.40 2.94 3.80 6.63 7.91 8.22 7.50 10.42 20.00 
0.00 0.00 0.00 0.00 0.00 0.00 0.00 0.00 0.00 0.00 0.00 0.00 
