1 128 100 0.012711 7867.171850
2 128 100 0.013284 7527.736100
4 128 100 0.165076 605.780641
8 128 100 0.603837 165.607472
16 128 100 1.422888 70.279598
32 128 100 1.828723 54.682954
1 256 100 0.050508 1979.864809
2 256 100 0.050868 1965.861912
4 256 100 0.202603 493.576440
8 256 100 0.646450 154.691052
16 256 100 1.460388 68.474933
32 256 100 1.868557 53.517233
1 512 100 0.204630 488.687142
2 512 100 0.204746 488.410011
4 512 100 0.359814 277.921426
8 512 100 0.801110 124.826798
16 512 100 1.624669 61.551014
32 512 100 2.034247 49.158229
1 1024 100 0.822417 121.592814
2 1024 100 0.824473 121.289579
4 1024 100 0.978126 102.236312
8 1024 100 1.416593 70.591902
16 1024 100 2.241648 44.610033
32 1024 100 2.651408 37.715814
1 1260 100 1.225687 81.586880
2 1260 100 1.228578 81.394939
4 1260 100 1.384170 72.245471
8 1260 100 1.820928 54.917065
16 1260 100 2.645694 37.797262
32 1260 100 3.054453 32.739085
1 2048 100 3.300629 30.297252
2 2048 100 3.302483 30.280244
4 2048 100 3.462398 28.881719
8 2048 100 3.901435 25.631594
16 2048 100 4.730824 21.137965
32 2048 100 5.142564 19.445554
1 4096 100 13.248301 7.548138
2 4096 100 13.263968 7.539222
4 4096 100 13.445312 7.437537
8 4096 100 13.883068 7.203019
16 4096 100 14.706912 6.799524
32 4096 100 15.114534 6.616149
1 8192 100 53.816800 1.858156
2 8192 100 54.085650 1.848919
4 8192 100 54.245640 1.843466
8 8192 100 55.052626 1.816444
16 8192 100 55.522618 1.801068
32 8192 100 55.936354 1.787746
1 10000 100 76.750333 1.302926
2 10000 100 76.994157 1.298800
4 10000 100 77.219553 1.295009
8 10000 100 77.608002 1.288527
16 10000 100 78.537570 1.273276
32 10000 100 78.937915 1.266818
