1 128 100 0.012605 7933.540138
2 128 100 0.007317 13667.125029
4 128 100 0.004731 21138.514263
8 128 100 0.004836 20676.874538
16 128 100 0.010150 9852.259701
1 256 100 0.050010 1999.591911
2 256 100 0.026345 3795.784577
4 256 100 0.014120 7082.221434
8 256 100 0.009121 10964.067442
16 256 100 0.011191 8935.458032
1 512 100 0.201946 495.183000
2 512 100 0.101892 981.429076
4 512 100 0.052047 1921.357404
8 512 100 0.028006 3570.623239
16 512 100 0.021770 4593.426860
1 1024 100 0.807269 123.874504
2 1024 100 0.404832 247.015825
4 1024 100 0.203702 490.913836
8 1024 100 0.104000 961.542024
16 1024 100 0.057869 1728.027950
1 1260 100 1.219921 81.972514
2 1260 100 0.606942 164.760341
4 1260 100 0.305157 327.700225
8 1260 100 0.155272 644.031091
16 1260 100 0.083118 1203.112836
1 2048 100 3.278404 30.502643
2 2048 100 1.673332 59.760996
4 2048 100 0.846054 118.195721
8 2048 100 0.458637 218.037246
16 2048 100 0.400919 249.427114
1 4096 100 13.170316 7.592832
2 4096 100 6.713231 14.895957
4 4096 100 3.394028 29.463515
8 4096 100 1.829560 54.657964
16 4096 100 1.595759 62.666117
1 8192 100 54.070580 1.849435
2 8192 100 27.492703 3.637329
4 8192 100 13.902613 7.192892
8 8192 100 7.395587 13.521578
16 8192 100 6.375569 15.684875
1 10000 100 76.582500 1.305781
2 10000 100 38.610293 2.589983
4 10000 100 19.438818 5.144346
8 10000 100 10.591766 9.441296
16 10000 100 9.437779 10.595714
