1 128 100 0.012544 7971.991713
2 128 100 0.007347 13611.683001
4 128 100 0.005646 17713.180455
8 128 100 0.006402 15620.662173
16 128 100 0.011254 8886.049024
1 256 100 0.050497 1980.304153
2 256 100 0.026096 3831.954393
4 256 100 0.014996 6668.421889
8 256 100 0.011394 8776.347011
16 256 100 0.013211 7569.579498
1 512 100 0.201387 496.555970
2 512 100 0.101568 984.557603
4 512 100 0.052868 1891.507324
8 512 100 0.030545 3273.807535
16 512 100 0.024002 4166.306421
1 1024 100 0.807021 123.912564
2 1024 100 0.403739 247.684635
4 1024 100 0.204094 489.969896
8 1024 100 0.106128 942.254372
16 1024 100 0.061842 1617.031186
1 1260 100 1.219573 81.995894
2 1260 100 0.606823 164.792773
4 1260 100 0.306101 326.689467
8 1260 100 0.157345 635.545865
16 1260 100 0.087573 1141.910015
1 2048 100 3.276537 30.520028
2 2048 100 1.672899 59.776463
4 2048 100 0.845615 118.257172
8 2048 100 0.460670 217.074908
16 2048 100 0.408278 244.931443
1 4096 100 13.184408 7.584717
2 4096 100 6.718380 14.884540
4 4096 100 3.399795 29.413536
8 4096 100 1.832457 54.571538
16 4096 100 1.602549 62.400576
1 8192 100 53.674651 1.863077
2 8192 100 27.535424 3.631686
4 8192 100 13.904056 7.192146
8 8192 100 7.402166 13.509559
16 8192 100 6.403464 15.616548
1 10000 100 76.599081 1.305499
2 10000 100 38.600691 2.590627
4 10000 100 19.406334 5.152957
8 10000 100 10.554203 9.474898
16 10000 100 9.536596 10.485922
