1 128 100 0.003633 27523.485793
2 128 100 0.003776 26480.863691
4 128 100 0.156345 639.611564
8 128 100 0.596986 167.508033
16 128 100 1.418967 70.473826
32 128 100 1.825986 54.764928
1 256 100 0.013123 7620.188220
2 256 100 0.013637 7333.212113
4 256 100 0.170428 586.757094
8 256 100 0.610565 163.782804
16 256 100 1.430871 69.887478
32 256 100 1.839605 54.359486
1 512 100 0.055221 1810.894804
2 512 100 0.055946 1787.449553
4 512 100 0.219331 455.931848
8 512 100 0.661630 151.141951
16 512 100 1.487671 67.219179
32 512 100 1.897216 52.708802
1 1024 100 0.254945 392.241770
2 1024 100 0.260819 383.407011
4 1024 100 0.416294 240.214654
8 1024 100 0.854840 116.980983
16 1024 100 1.680556 59.504131
32 1024 100 2.092367 47.792764
1 1260 100 0.389603 256.671444
2 1260 100 0.392483 254.788263
4 1260 100 0.551631 181.280689
8 1260 100 0.990978 100.910389
16 1260 100 1.818291 54.996685
32 1260 100 2.228067 44.881960
1 2048 100 1.026902 97.380280
2 2048 100 1.032653 96.837964
4 2048 100 1.191034 83.960654
8 2048 100 1.634895 61.166004
16 2048 100 2.395607 41.743066
32 2048 100 2.744830 36.432127
1 4096 100 3.667410 27.267198
2 4096 100 4.402830 22.712665
4 4096 100 5.085891 19.662239
8 4096 100 5.878156 17.012139
16 4096 100 6.075846 16.458614
32 4096 100 5.510642 18.146705
1 8192 100 15.114004 6.616381
2 8192 100 20.175230 4.956573
4 8192 100 15.751445 6.348624
8 8192 100 15.781188 6.336658
16 8192 100 16.572009 6.034272
32 8192 100 16.997340 5.883274
1 10000 100 22.938559 4.359472
2 10000 100 22.500259 4.444393
4 10000 100 22.492021 4.446021
8 10000 100 22.982586 4.351120
16 10000 100 23.783294 4.204632
32 10000 100 24.195478 4.133004
