20.00 20.00 20.00 20.00 20.00 20.00 20.00 20.00 20.00 20.00 20.00 20.00 
20.00 19.92 19.85 19.80 19.78 19.79 19.81 19.84 19.88 19.92 19.96 20.00 
20.00 19.82 19.67 19.57 19.54 19.55 19.61 19.68 19.76 19.84 19.92 20.00 
20.00 19.70 19.45 19.29 19.24 19.28 19.39 19.52 19.64 19.76 19.88 20.00 
20.00 19.52 19.13 18.90 18.84 18.95 19.15 19.36 19.53 19.68 19.83 20.00 
20.00 19.25 18.66 18.33 18.29 18.52 18.90 19.23 19.46 19.60 19.77 20.00 
20.00 18.83 17.93 17.46 17.48 17.96 18.68 19.23 19.46 19.48 19.65 20.00 
20.00 18.14 16.76 16.10 16.23 17.14 18.64 19.54 19.66 19.22 19.35 20.00 
20.00 16.96 14.88 13.95 14.18 15.75 19.20 20.62 20.44 18.40 18.53 20.00 
20.00 14.82 11.84 10.63 10.81 12.48 16.24 17.74 17.51 15.43 16.35 20.00 
20.00 10.47 7.06 5.91 5.96 7.10 9.99 11.04 10.89 9.44 11.45 20.00 
0.00 0.00 0.00 0.00 0.00 0.00 0.00 0.00 0.00 0.00 0.00 0.00 
