20.00 20.00 20.00 20.00 20.00 20.00 20.00 20.00 20.00 20.00 20.00 20.00 
20.00 19.91 19.83 19.77 19.75 19.75 19.77 19.81 19.85 19.90 19.95 20.00 
20.00 19.80 19.64 19.52 19.47 19.49 19.54 19.62 19.71 19.80 19.90 20.00 
20.00 19.67 19.40 19.22 19.15 19.19 19.29 19.43 19.57 19.71 19.85 20.00 
20.00 19.49 19.07 18.81 18.74 18.84 19.03 19.25 19.45 19.62 19.80 20.00 
20.00 19.22 18.59 18.23 18.18 18.40 18.77 19.12 19.36 19.53 19.73 20.00 
20.00 18.79 17.86 17.36 17.37 17.83 18.56 19.11 19.36 19.41 19.62 20.00 
20.00 18.10 16.70 16.01 16.12 17.03 18.53 19.43 19.58 19.16 19.32 20.00 
20.00 16.93 14.83 13.87 14.10 15.66 19.11 20.53 20.37 18.35 18.50 20.00 
20.00 14.80 11.81 10.58 10.75 12.41 16.17 17.68 17.46 15.39 16.33 20.00 
20.00 10.46 7.04 5.88 5.92 7.07 9.95 11.01 10.86 9.42 11.44 20.00 
0.00 0.00 0.00 0.00 0.00 0.00 0.00 0.00 0.00 0.00 0.00 0.00 
