1 128 100 0.002031 49228.920188
2 128 100 0.002759 36245.281714
4 128 100 0.005197 19240.809211
8 128 100 0.004305 23226.846827
16 128 100 0.015197 6580.435840
32 128 100 0.008459 11821.600902
1 256 100 0.006741 14834.491052
2 256 100 0.007790 12836.824386
4 256 100 0.010493 9530.559658
8 256 100 0.009810 10193.710203
16 256 100 0.020439 4892.514785
32 256 100 0.014683 6810.704079
1 512 100 0.029202 3424.368897
2 512 100 0.029583 3380.349616
4 512 100 0.032414 3085.067853
8 512 100 0.038970 2566.061192
16 512 100 0.045181 2213.317995
32 512 100 0.037395 2674.154266
1 1024 100 0.219788 454.983739
2 1024 100 0.222443 449.553641
4 1024 100 0.207426 482.100583
8 1024 100 0.211109 473.688050
16 1024 100 0.229959 434.859205
32 1024 100 0.228257 438.102779
1 1260 100 0.335065 298.449230
2 1260 100 0.337786 296.045252
4 1260 100 0.337603 296.206027
8 1260 100 0.305583 327.243590
16 1260 100 0.334439 299.007942
32 1260 100 0.351219 284.722300
1 2048 100 0.886646 112.784549
2 2048 100 0.889315 112.446110
4 2048 100 0.892926 111.991306
8 2048 100 0.896770 111.511342
16 2048 100 0.881693 113.418208
32 2048 100 0.897054 111.476044
1 4096 100 3.573225 27.985927
2 4096 100 3.583829 27.903114
4 4096 100 3.589562 27.858554
8 4096 100 3.594673 27.818943
16 4096 100 3.608008 27.716124
32 4096 100 3.625566 27.581902
1 8192 100 15.925679 6.279167
2 8192 100 15.919653 6.281544
4 8192 100 15.956049 6.267216
8 8192 100 15.956664 6.266974
16 8192 100 15.985070 6.255837
32 8192 100 15.956649 6.266980
1 10000 100 24.120867 4.145788
2 10000 100 24.186838 4.134480
4 10000 100 24.212414 4.130113
8 10000 100 24.262069 4.121660
16 10000 100 24.257294 4.122471
32 10000 100 24.261812 4.121704
