1 128 100 0.003164 31609.797272
2 128 100 0.002469 40501.197374
4 128 100 0.002317 43164.598127
8 128 100 0.003972 25174.383290
16 128 100 0.008839 11313.024949
1 256 100 0.012233 8174.915704
2 256 100 0.007110 14065.405768
4 256 100 0.004844 20644.307723
8 256 100 0.004611 21684.955020
16 256 100 0.010571 9459.840318
1 512 100 0.051253 1951.120394
2 512 100 0.026588 3761.100450
4 512 100 0.014920 6702.307446
8 512 100 0.010305 9704.319659
16 512 100 0.011303 8847.062794
1 1024 100 0.209587 477.128066
2 1024 100 0.105139 951.117380
4 1024 100 0.054275 1842.475785
8 1024 100 0.030088 3323.537242
16 1024 100 0.025023 3996.364087
1 1260 100 0.319073 313.407707
2 1260 100 0.150974 662.366597
4 1260 100 0.078677 1271.020470
8 1260 100 0.041957 2383.384570
16 1260 100 0.027654 3616.059867
1 2048 100 0.903974 110.622644
2 2048 100 0.582798 171.586178
4 2048 100 0.452963 220.768761
8 2048 100 0.432747 231.081963
16 2048 100 0.416829 239.906744
1 4096 100 3.578906 27.941503
2 4096 100 2.310166 43.286930
4 4096 100 1.817920 55.007929
8 4096 100 1.723080 58.035597
16 4096 100 1.666158 60.018328
1 8192 100 14.819583 6.747828
2 8192 100 9.984180 10.015845
4 8192 100 7.402294 13.509326
8 8192 100 6.504342 15.374345
16 8192 100 6.581804 15.193404
1 10000 100 22.422842 4.459738
2 10000 100 15.179183 6.587970
4 10000 100 11.050148 9.049653
8 10000 100 10.260929 9.745707
16 10000 100 9.690500 10.319384
