1 128 100 0.001894 52785.099421
2 128 100 0.001976 50613.056595
4 128 100 0.002890 34603.613563
8 128 100 0.005470 18281.410452
16 128 100 0.011295 8853.225262
1 256 100 0.006595 15163.788865
2 256 100 0.004492 22262.760085
4 256 100 0.004314 23179.353413
8 256 100 0.006058 16507.808564
16 256 100 0.011807 8469.235118
1 512 100 0.028262 3538.332532
2 512 100 0.015309 6532.166329
4 512 100 0.009843 10159.389609
8 512 100 0.009378 10663.032922
16 512 100 0.013895 7197.062356
1 1024 100 0.130676 765.249883
2 1024 100 0.059038 1693.833343
4 1024 100 0.032116 3113.695854
8 1024 100 0.020842 4797.986685
16 1024 100 0.020410 4899.658894
1 1260 100 0.303910 329.044248
2 1260 100 0.086619 1154.479270
4 1260 100 0.045763 2185.170675
8 1260 100 0.028020 3568.830727
16 1260 100 0.024753 4039.860147
1 2048 100 0.850370 117.595814
2 2048 100 0.597080 167.481880
4 2048 100 0.450593 221.929536
8 2048 100 0.427848 233.727811
16 2048 100 0.417204 239.690813
1 4096 100 3.381541 29.572316
2 4096 100 2.363096 42.317375
4 4096 100 1.826635 54.745485
8 4096 100 1.707376 58.569407
16 4096 100 1.670981 59.845088
1 8192 100 15.538953 6.435440
2 8192 100 10.205667 9.798478
4 8192 100 7.374508 13.560227
8 8192 100 6.863396 14.570046
16 8192 100 6.645893 15.046887
1 10000 100 23.541019 4.247905
2 10000 100 15.127483 6.610485
4 10000 100 10.937536 9.142827
8 10000 100 9.862324 10.139598
16 10000 100 9.194999 10.875477
