20.00 20.00 20.00 20.00 20.00 20.00 20.00 20.00 20.00 20.00 20.00 20.00 20.00 20.00 20.00 20.00 20.00 
20.00 19.97 19.94 19.92 19.90 19.89 19.89 19.89 19.90 19.91 19.92 19.93 19.94 19.96 19.97 19.99 20.00 
20.00 19.94 19.88 19.83 19.79 19.77 19.77 19.78 19.79 19.81 19.84 19.86 19.89 19.92 19.94 19.97 20.00 
20.00 19.90 19.80 19.73 19.67 19.64 19.64 19.65 19.68 19.72 19.76 19.80 19.83 19.87 19.91 19.96 20.00 
20.00 19.85 19.71 19.60 19.53 19.49 19.49 19.52 19.57 19.63 19.68 19.73 19.78 19.83 19.88 19.94 20.00 
20.00 19.79 19.60 19.44 19.35 19.31 19.32 19.37 19.45 19.54 19.61 19.67 19.73 19.78 19.85 19.92 20.00 
20.00 19.70 19.44 19.24 19.11 19.07 19.11 19.21 19.33 19.46 19.56 19.63 19.68 19.73 19.80 19.89 20.00 
20.00 19.59 19.23 18.95 18.79 18.76 18.84 19.01 19.22 19.41 19.54 19.60 19.63 19.67 19.74 19.86 20.00 
20.00 19.43 18.93 18.56 18.35 18.34 18.49 18.79 19.13 19.42 19.59 19.62 19.58 19.57 19.64 19.79 20.00 
20.00 19.20 18.51 18.00 17.73 17.74 18.01 18.51 19.11 19.56 19.77 19.71 19.51 19.39 19.45 19.67 20.00 
20.00 18.87 17.90 17.20 16.85 16.88 17.31 18.14 19.23 19.97 20.21 19.96 19.37 19.04 19.09 19.45 20.00 
20.00 18.39 17.02 16.06 15.58 15.61 16.22 17.51 19.73 20.86 21.14 20.56 18.95 18.32 18.42 19.05 20.00 
20.00 17.65 15.74 14.44 13.79 13.78 14.45 15.95 18.53 19.86 20.15 19.44 17.55 16.89 17.21 18.35 20.00 
20.00 16.48 13.85 12.19 11.36 11.26 11.87 13.31 15.84 17.12 17.40 16.72 14.92 14.46 15.20 17.11 20.00 
20.00 14.43 10.98 9.09 8.21 8.03 8.47 9.57 11.62 12.62 12.85 12.35 10.96 10.84 12.01 14.91 20.00 
20.00 10.25 6.56 5.00 4.35 4.19 4.39 4.91 5.67 6.14 6.27 6.09 5.74 5.92 7.11 10.50 20.00 
0.00 0.00 0.00 0.00 0.00 0.00 0.00 0.00 0.00 0.00 0.00 0.00 0.00 0.00 0.00 0.00 0.00 
