int 1000 1000 10      46.88 2.000800e+03 3.334445e+02 1.375516e+03 7.997000e-03
ext 1000 1000 10      46.88 1.428980e+03 inf 1.571878e+03 6.998000e-03
int 1000 1000 100     132.81 2.000400e+03 5.002501e+02 1.375516e+03 7.997000e-03
ext 1000 1000 100     132.81 6.668000e+02 inf 6.876719e+02 1.599600e-02
int 1000 1000 1000    1007.81 2.500625e+03 3.334445e+02 1.375516e+03 7.997000e-03
ext 1000 1000 1000    1007.81 1.250313e+03 inf 1.375344e+03 7.998000e-03
int 1000 2000 10      46.88 1.818512e+03 4.000800e+02 1.375258e+03 1.599700e-02
ext 1000 2000 10      46.88 2.000400e+03 6.668890e+02 1.571765e+03 1.399700e-02
int 1000 2000 100     132.81 1.667222e+03 6.666667e+02 1.375344e+03 1.599600e-02
ext 1000 2000 100     132.81 1.818347e+03 2.000000e+03 1.571765e+03 1.399700e-02
int 1000 2000 1000    1007.81 1.667083e+03 2.000000e+03 1.467058e+03 1.499600e-02
ext 1000 2000 1000    1007.81 1.818347e+03 1.000500e+03 1.466960e+03 1.499700e-02
int 1000 5000 10      46.88 2.083594e+03 3.847338e+02 1.410510e+03 3.899300e-02
ext 1000 5000 10      46.88 2.174291e+03 4.546281e+02 1.486768e+03 3.699300e-02
int 1000 5000 100     132.81 1.666889e+03 7.144899e+02 1.410510e+03 3.899300e-02
ext 1000 5000 100     132.81 2.500375e+03 3.333778e+02 1.486728e+03 3.699400e-02
int 1000 5000 1000    1007.81 1.562793e+03 8.334722e+02 1.410510e+03 3.899300e-02
ext 1000 5000 1000    1007.81 1.613268e+03 8.333333e+02 1.447635e+03 3.799300e-02
int 1000 7500 10      46.88 1.630718e+03 6.251042e+02 1.398542e+03 5.899000e-02
ext 1000 7500 10      46.88 2.143225e+03 7.500750e+02 1.650264e+03 4.999200e-02
int 1000 7500 100     132.81 1.875328e+03 7.501500e+02 1.586813e+03 5.199100e-02
ext 1000 7500 100     132.81 1.829536e+03 8.336112e+02 1.650297e+03 4.999100e-02
int 1000 7500 1000    1007.81 1.923373e+03 5.770118e+02 1.528032e+03 5.399100e-02
ext 1000 7500 1000    1007.81 1.974100e+03 9.375000e+02 1.617933e+03 5.099100e-02
int 1000 10000 10      46.88 2.083724e+03 5.263989e+02 1.528032e+03 7.198800e-02
ext 1000 10000 10      46.88 2.127977e+03 9.093389e+02 1.642061e+03 6.698900e-02
int 1000 10000 100     132.81 1.923410e+03 6.250781e+02 1.571698e+03 6.998800e-02
ext 1000 10000 100     132.81 1.961053e+03 8.336112e+02 1.666944e+03 6.598900e-02
int 1000 10000 1000    1007.81 2.000240e+03 6.668000e+02 1.549558e+03 7.098800e-02
ext 1000 10000 1000    1007.81 1.961169e+03 7.143878e+02 1.617933e+03 6.798800e-02
int 5000 1000 10     234.38 3.125586e+03 4.167014e+02 1.774537e+03 3.099400e-02
ext 5000 1000 10     234.38 2.000320e+03 1.250625e+03 1.833700e+03 2.999400e-02
int 5000 1000 100     664.06 2.000400e+03 3.846746e+02 1.447635e+03 3.799300e-02
ext 5000 1000 100     664.06 2.000240e+03 1.000600e+03 1.774537e+03 3.099400e-02
int 5000 1000 1000    5039.06 1.785969e+03 6.250781e+02 1.486728e+03 3.699400e-02
ext 5000 1000 1000    5039.06 1.923299e+03 1.000400e+03 1.774480e+03 3.099500e-02
int 5000 2000 10     234.38 2.174197e+03 5.883737e+02 1.719019e+03 6.399000e-02
ext 5000 2000 10     234.38 2.000400e+03 2.000000e+03 1.803604e+03 6.098900e-02
int 5000 2000 100     664.06 1.961053e+03 4.167709e+02 1.447616e+03 7.598700e-02
ext 5000 2000 100     664.06 2.174291e+03 7.143367e+02 1.803574e+03 6.099000e-02
int 5000 2000 1000    5039.06 1.923299e+03 5.001000e+02 1.486687e+03 7.399000e-02
ext 5000 2000 1000    5039.06 2.000280e+03 1.000200e+03 1.774451e+03 6.199100e-02
int 5000 5000 10     234.38 2.119003e+03 6.945409e+02 1.719019e+03 1.599750e-01
ext 5000 5000 10     234.38 2.000304e+03 1.000160e+03 1.809496e+03 1.519760e-01
int 5000 5000 100     664.06 2.137026e+03 3.521821e+02 1.447597e+03 1.899700e-01
ext 5000 5000 100     664.06 2.066423e+03 1.000160e+03 1.809496e+03 1.519760e-01
int 5000 5000 1000    5039.06 2.032785e+03 4.465243e+02 1.502962e+03 1.829720e-01
ext 5000 5000 1000    5039.06 2.066423e+03 8.622176e+02 1.797656e+03 1.529770e-01
int 5000 7500 10     234.38 1.995010e+03 7.653998e+02 1.711888e+03 2.409620e-01
ext 5000 7500 10     234.38 2.016476e+03 1.103006e+03 1.817461e+03 2.269650e-01
int 5000 7500 100     664.06 2.005691e+03 3.947867e+02 1.447592e+03 2.849560e-01
ext 5000 7500 100     664.06 2.027334e+03 9.147680e+02 1.801593e+03 2.289640e-01
int 5000 7500 1000    5039.06 2.083611e+03 4.465136e+02 1.533685e+03 2.689600e-01
ext 5000 7500 1000    5039.06 1.994999e+03 9.869720e+02 1.801585e+03 2.289650e-01
int 5000 10000 10     234.38 2.049525e+03 6.945216e+02 1.724408e+03 3.189500e-01
ext 5000 10000 10     234.38 2.049491e+03 9.616864e+02 1.809490e+03 3.039530e-01
int 5000 10000 100     664.06 2.008371e+03 4.000480e+02 1.455250e+03 3.779420e-01
ext 5000 10000 100     664.06 1.992278e+03 9.262004e+02 1.797668e+03 3.059520e-01
int 5000 10000 1000    5039.06 2.083629e+03 4.546198e+02 1.532264e+03 3.589460e-01
ext 5000 10000 1000    5039.06 2.016414e+03 9.435921e+02 1.803557e+03 3.049530e-01
int 10000 1000 10     468.75 2.041108e+03 5.556790e+02 1.642061e+03 6.698900e-02
ext 10000 1000 10     468.75 1.887113e+03 1.428776e+03 1.833639e+03 5.999000e-02
int 10000 1000 100    1328.12 1.961015e+03 5.001250e+02 1.466921e+03 7.498700e-02
ext 10000 1000 100    1328.12 2.041233e+03 9.090909e+02 1.833639e+03 5.999000e-02
int 10000 1000 1000   10078.12 1.639586e+03 9.092562e+02 1.507076e+03 7.298900e-02
ext 10000 1000 1000   10078.12 2.041150e+03 1.000100e+03 1.803574e+03 6.099000e-02
int 10000 2000 10     468.75 2.127999e+03 5.406136e+02 1.642048e+03 1.339790e-01
ext 10000 2000 10     468.75 1.923410e+03 1.428673e+03 1.833624e+03 1.199810e-01
int 10000 2000 100    1328.12 2.020508e+03 4.167361e+02 1.486728e+03 1.479760e-01
ext 10000 2000 100    1328.12 1.980512e+03 1.111296e+03 1.833624e+03 1.199810e-01
int 10000 2000 1000   10078.12 1.980492e+03 4.762585e+02 1.517461e+03 1.449790e-01
ext 10000 2000 1000   10078.12 2.105596e+03 8.334722e+02 1.818467e+03 1.209810e-01
int 10000 5000 10     468.75 2.074982e+03 5.556543e+02 1.637158e+03 3.359480e-01
ext 10000 5000 10     468.75 2.041133e+03 1.000180e+03 1.833621e+03 2.999530e-01
int 10000 5000 100    1328.12 1.992381e+03 4.348242e+02 1.486716e+03 3.699430e-01
ext 10000 5000 100    1328.12 2.074999e+03 8.773623e+02 1.833621e+03 2.999530e-01
int 10000 5000 1000   10078.12 1.879982e+03 5.435610e+02 1.528011e+03 3.599450e-01
ext 10000 5000 1000   10078.12 2.101167e+03 8.197796e+02 1.827516e+03 3.009550e-01
int 10000 7500 10     468.75 2.055104e+03 5.515558e+02 1.637158e+03 5.039220e-01
ext 10000 7500 10     468.75 2.016443e+03 9.869850e+02 1.837699e+03 4.489310e-01
int 10000 7500 100    1328.12 2.055104e+03 4.121513e+02 1.484040e+03 5.559150e-01
ext 10000 7500 100    1328.12 2.043881e+03 9.038105e+02 1.829548e+03 4.509310e-01
int 10000 7500 1000   10078.12 2.066395e+03 4.438684e+02 1.528010e+03 5.399180e-01
ext 10000 7500 1000   10078.12 1.979205e+03 1.119537e+03 1.825500e+03 4.519310e-01
int 10000 10000 10     468.75 2.045295e+03 5.587466e+02 1.634723e+03 6.728970e-01
ext 10000 10000 10     468.75 2.032834e+03 9.347192e+02 1.830566e+03 6.009070e-01
int 10000 10000 100    1328.12 2.032822e+03 4.065685e+02 1.484709e+03 7.408860e-01
ext 10000 10000 100    1328.12 2.036983e+03 9.175490e+02 1.830566e+03 6.009070e-01
int 10000 10000 1000   10078.12 1.992322e+03 4.717782e+02 1.528009e+03 7.198910e-01
ext 10000 10000 1000   10078.12 1.992326e+03 1.041851e+03 1.830563e+03 6.009080e-01
int 50000 1000 10    2343.75 2.074973e+03 6.580246e+02 1.724403e+03 3.189510e-01
ext 50000 1000 10    2343.75 2.041091e+03 9.806229e+02 1.852139e+03 2.969540e-01
int 50000 1000 100    6640.62 2.041125e+03 4.348507e+02 1.519568e+03 3.619450e-01
ext 50000 1000 100    6640.62 2.041125e+03 1.000160e+03 1.845916e+03 2.979550e-01
int 50000 1000 1000   50390.62 2.049558e+03 4.762268e+02 1.540849e+03 3.569460e-01
ext 50000 1000 1000   50390.62 7.753128e+02 8.773161e+02 7.769547e+02 7.078920e-01
int 50000 2000 10    2343.75 2.057931e+03 6.667600e+02 1.724400e+03 6.379030e-01
ext 50000 2000 10    2343.75 2.053721e+03 9.709775e+02 1.852136e+03 5.939090e-01
int 50000 2000 100    6640.62 2.041129e+03 4.367461e+02 1.525889e+03 7.208910e-01
ext 50000 2000 100    6640.62 2.041129e+03 9.805364e+02 1.852132e+03 5.939100e-01
int 50000 2000 1000   50390.62 2.032793e+03 4.762835e+02 1.551717e+03 7.088920e-01
ext 50000 2000 1000   50390.62 7.646423e+02 1.162966e+03 7.852729e+02 1.400787e+00
int 50000 5000 10    2343.75 2.032829e+03 6.776096e+02 1.716866e+03 1.601756e+00
ext 50000 5000 10    2343.75 2.056229e+03 9.226590e+02 1.844681e+03 1.490773e+00
int 50000 5000 100    6640.62 2.046140e+03 4.310991e+02 1.522933e+03 1.805726e+00
ext 50000 5000 100    6640.62 2.039463e+03 9.805344e+02 1.852134e+03 1.484774e+00
int 50000 5000 1000   50390.62 2.042848e+03 4.726327e+02 1.562737e+03 1.759733e+00
ext 50000 5000 1000   50390.62 7.702959e+02 9.260631e+02 7.809250e+02 3.521465e+00
int 50000 7500 10    2343.75 2.077877e+03 6.488888e+02 1.724040e+03 2.392636e+00
ext 50000 7500 10    2343.75 2.051733e+03 9.641590e+02 1.857554e+03 2.220662e+00
int 50000 7500 100    6640.62 2.039460e+03 4.340946e+02 1.523496e+03 2.707588e+00
ext 50000 7500 100    6640.62 2.052850e+03 9.592412e+02 1.854214e+03 2.224662e+00
int 50000 7500 1000   50390.62 2.051725e+03 4.682408e+02 1.564515e+03 2.636599e+00
ext 50000 7500 1000   50390.62 7.720399e+02 9.037538e+02 7.804819e+02 5.285196e+00
int 50000 10000 10    2343.75 2.060473e+03 6.623490e+02 1.724400e+03 3.189515e+00
ext 50000 10000 10    2343.75 2.049492e+03 9.748071e+02 1.857136e+03 2.961549e+00
int 50000 10000 100    6640.62 2.043635e+03 4.352243e+02 1.527161e+03 3.601453e+00
ext 50000 10000 100    6640.62 2.057083e+03 9.579920e+02 1.857762e+03 2.960551e+00
int 50000 10000 1000   50390.62 2.055400e+03 4.647492e+02 1.563182e+03 3.518465e+00
ext 50000 10000 1000   50390.62 7.596483e+02 9.710077e+02 7.741115e+02 7.104920e+00
int 100000 1000 10    4687.50 2.057927e+03 6.850347e+02 1.732548e+03 6.349030e-01
ext 100000 1000 10    4687.50 2.045333e+03 1.000080e+03 1.852136e+03 5.939090e-01
int 100000 1000 100   13281.25 2.036942e+03 4.406082e+02 1.521668e+03 7.228910e-01
ext 100000 1000 100   13281.25 2.036967e+03 1.000160e+03 1.845916e+03 5.959100e-01
int 100000 1000 1000  100781.25 2.045266e+03 4.695740e+02 1.538696e+03 7.148910e-01
ext 100000 1000 1000  100781.25 7.554057e+02 9.709681e+02 7.656009e+02 1.436780e+00
int 100000 2000 10    4687.50 2.055809e+03 6.921469e+02 1.736648e+03 1.266808e+00
ext 100000 2000 10    4687.50 2.032836e+03 1.010239e+03 1.856824e+03 1.184819e+00
int 100000 2000 100   13281.25 2.043218e+03 4.320280e+02 1.520617e+03 1.446781e+00
ext 100000 2000 100   13281.25 2.036944e+03 9.663890e+02 1.845918e+03 1.191819e+00
int 100000 2000 1000  100781.25 2.060061e+03 4.673531e+02 1.553909e+03 1.415784e+00
ext 100000 2000 1000  100781.25 7.628920e+02 9.303797e+02 7.723182e+02 2.848567e+00
int 100000 5000 10    4687.50 2.057081e+03 6.859736e+02 1.738020e+03 3.164520e+00
ext 100000 5000 10    4687.50 2.053685e+03 9.617197e+02 1.859019e+03 2.958550e+00
int 100000 5000 100   13281.25 2.045306e+03 4.375092e+02 1.529285e+03 3.596453e+00
ext 100000 5000 100   13281.25 2.033656e+03 9.902500e+02 1.852134e+03 2.969548e+00
int 100000 5000 1000  100781.25 2.031180e+03 4.682341e+02 1.551279e+03 3.545461e+00
ext 100000 5000 1000  100781.25 7.573428e+02 9.562332e+02 7.703174e+02 7.139914e+00
int 100000 7500 10    4687.50 2.057925e+03 6.850366e+02 1.738570e+03 4.745278e+00
ext 100000 7500 10    4687.50 2.060759e+03 9.531168e+02 1.860486e+03 4.434326e+00
int 100000 7500 100   13281.25 2.037241e+03 4.330937e+02 1.522091e+03 5.420177e+00
ext 100000 7500 100   13281.25 2.045023e+03 9.555577e+02 1.849228e+03 4.461321e+00
int 100000 7500 1000  100781.25 2.027340e+03 4.694048e+02 1.552447e+03 5.314192e+00
ext 100000 7500 1000  100781.25 7.598382e+02 9.388437e+02 7.720111e+02 1.068638e+01
int 100000 10000 10    4687.50 2.057927e+03 6.855034e+02 1.738570e+03 6.327039e+00
ext 100000 10000 10    4687.50 2.063432e+03 9.507430e+02 1.861220e+03 5.910102e+00
int 100000 10000 100   13281.25 2.048655e+03 4.331528e+02 1.527798e+03 7.199906e+00
ext 100000 10000 100   13281.25 2.044043e+03 9.589263e+02 1.850264e+03 5.945097e+00
int 100000 10000 1000  100781.25 2.030355e+03 4.715466e+02 1.557428e+03 7.062926e+00
ext 100000 10000 1000  100781.25 7.603412e+02 9.338420e+02 7.725351e+02 1.423884e+01
int 200000 1000 10    9375.00 2.068550e+03 6.757967e+02 1.735279e+03 1.267808e+00
ext 200000 1000 10    9375.00 2.057924e+03 9.435431e+02 1.849021e+03 1.189819e+00
int 200000 1000 100   26562.50 9.589217e+02 1.763925e+02 6.818513e+02 3.226510e+00
ext 200000 1000 100   26562.50 1.095461e+03 1.058324e+03 1.087659e+03 2.022693e+00
int 200000 1000 1000  201562.50 1.036425e+03 2.611375e+02 8.080553e+02 2.722586e+00
ext 200000 1000 1000  201562.50 7.528465e+02 9.133338e+02 7.597842e+02 2.895559e+00
int 200000 2000 10    9375.00 2.057928e+03 6.933442e+02 1.741460e+03 2.526615e+00
ext 200000 2000 10    9375.00 2.056873e+03 9.547884e+02 1.856039e+03 2.370640e+00
int 200000 2000 100   26562.50 9.733838e+02 1.708203e+02 6.807966e+02 6.463017e+00
ext 200000 2000 100   26562.50 1.052515e+03 9.347170e+02 1.038628e+03 4.236356e+00
int 200000 2000 1000  201562.50 1.103619e+03 3.037644e+02 8.856246e+02 4.968245e+00
ext 200000 2000 1000  201562.50 7.578341e+02 9.282207e+02 7.674693e+02 5.733128e+00
int 200000 5000 10    9375.00 2.053278e+03 6.955157e+02 1.741322e+03 6.317039e+00
ext 200000 5000 10    9375.00 2.060877e+03 9.543815e+02 1.861850e+03 5.908102e+00
int 200000 5000 100   26562.50 9.672662e+02 1.804347e+02 6.920596e+02 1.589458e+01
ext 200000 5000 100   26562.50 1.086177e+03 8.937948e+02 1.064403e+03 1.033443e+01
int 200000 5000 1000  201562.50 1.085470e+03 2.877305e+02 8.649113e+02 1.271807e+01
ext 200000 5000 1000  201562.50 7.545459e+02 9.552722e+02 7.680586e+02 1.432182e+01
int 200000 7500 10    9375.00 2.056517e+03 6.948697e+02 1.743530e+03 9.463562e+00
ext 200000 7500 10    9375.00 2.050335e+03 9.710146e+02 1.860066e+03 8.870652e+00
int 200000 7500 100   26562.50 9.666409e+02 1.710249e+02 6.788921e+02 2.430430e+01
ext 200000 7500 100   26562.50 1.097540e+03 8.783595e+02 1.072288e+03 1.538766e+01
int 200000 7500 1000  201562.50 1.111693e+03 3.032589e+02 8.930412e+02 1.847619e+01
ext 200000 7500 1000  201562.50 7.559348e+02 9.405798e+02 7.687026e+02 2.146474e+01
int 200000 10000 10    9375.00 2.062808e+03 6.880975e+02 1.743944e+03 1.261508e+01
ext 200000 10000 10    9375.00 2.058990e+03 9.516092e+02 1.860276e+03 1.182620e+01
int 200000 10000 100   26562.50 9.475162e+02 1.727830e+02 6.727000e+02 3.270403e+01
ext 200000 10000 100   26562.50 1.113011e+03 9.299410e+02 1.092737e+03 2.013294e+01
int 200000 10000 1000  201562.50 1.074505e+03 2.900271e+02 8.611540e+02 2.554712e+01
ext 200000 10000 1000  201562.50 7.551164e+02 9.466698e+02 7.685953e+02 2.862365e+01
int 400000 1000 10   18750.00 1.972712e+03 3.339330e+02 1.359489e+03 3.236509e+00
ext 400000 1000 10   18750.00 1.992337e+03 9.413160e+02 1.801339e+03 2.442628e+00
int 400000 1000 100   53125.00 8.262312e+02 1.256076e+02 5.473468e+02 8.038779e+00
ext 400000 1000 100   53125.00 9.949264e+02 9.092500e+02 9.833899e+02 4.474319e+00
int 400000 1000 1000  403125.00 7.121060e+02 1.113444e+02 4.750803e+02 9.261592e+00
ext 400000 1000 1000  403125.00 7.576883e+02 9.571256e+02 7.666670e+02 5.739128e+00
int 400000 2000 10   18750.00 1.961565e+03 3.036512e+02 1.308554e+03 6.724978e+00
ext 400000 2000 10   18750.00 1.984427e+03 9.651671e+02 1.806143e+03 4.872260e+00
int 400000 2000 100   53125.00 8.086935e+02 1.205003e+02 5.318350e+02 1.654648e+01
ext 400000 2000 100   53125.00 9.687882e+02 9.582238e+02 9.660123e+02 9.109615e+00
int 400000 2000 1000  403125.00 6.869758e+02 1.060046e+02 4.572599e+02 1.924507e+01
ext 400000 2000 1000  403125.00 7.497408e+02 9.207149e+02 7.596529e+02 1.158424e+01
int 400000 5000 10   18750.00 1.977165e+03 3.288368e+02 1.356807e+03 1.621453e+01
ext 400000 5000 10   18750.00 1.988371e+03 9.426563e+02 1.803996e+03 1.219515e+01
int 400000 5000 100   53125.00 8.301052e+02 1.252773e+02 5.488898e+02 4.008091e+01
ext 400000 5000 100   53125.00 9.820818e+02 9.188343e+02 9.752823e+02 2.255757e+01
int 400000 5000 1000  403125.00 6.871298e+02 1.051796e+02 4.566051e+02 4.818167e+01
ext 400000 5000 1000  403125.00 7.550031e+02 9.408714e+02 7.676300e+02 2.865964e+01
int 400000 7500 10   18750.00 1.979324e+03 3.536187e+02 1.394441e+03 2.366540e+01
ext 400000 7500 10   18750.00 1.981286e+03 9.525207e+02 1.802371e+03 1.830922e+01
int 400000 7500 100   53125.00 8.165176e+02 1.239704e+02 5.412699e+02 6.096773e+01
ext 400000 7500 100   53125.00 1.002557e+03 9.312467e+02 9.949361e+02 3.316796e+01
int 400000 7500 1000  403125.00 6.898872e+02 1.061281e+02 4.595135e+02 7.181508e+01
ext 400000 7500 1000  403125.00 7.542811e+02 9.423596e+02 7.673444e+02 4.300546e+01
int 400000 10000 10   18750.00 1.983648e+03 3.524435e+02 1.395310e+03 3.153421e+01
ext 400000 10000 10   18750.00 1.960698e+03 9.404339e+02 1.783236e+03 2.467425e+01
int 400000 10000 100   53125.00 8.290385e+02 1.246023e+02 5.473877e+02 8.038178e+01
ext 400000 10000 100   53125.00 9.902499e+02 9.127525e+02 9.821606e+02 4.479919e+01
int 400000 10000 1000  403125.00 6.967030e+02 1.073701e+02 4.644505e+02 9.473560e+01
ext 400000 10000 1000  403125.00 7.424897e+02 9.226469e+02 7.552462e+02 5.825914e+01
