20.00 20.00 20.00 20.00 20.00 20.00 20.00 20.00 20.00 20.00 20.00 20.00 
20.00 19.91 19.84 19.78 19.76 19.77 19.79 19.83 19.87 19.91 19.96 20.00 
20.00 19.81 19.65 19.54 19.50 19.52 19.57 19.65 19.74 19.82 19.91 20.00 
20.00 19.68 19.42 19.25 19.19 19.23 19.34 19.48 19.61 19.74 19.87 20.00 
20.00 19.50 19.10 18.85 18.79 18.89 19.09 19.31 19.50 19.66 19.82 20.00 
20.00 19.23 18.62 18.28 18.24 18.47 18.84 19.18 19.42 19.57 19.76 20.00 
20.00 18.81 17.89 17.41 17.43 17.90 18.63 19.18 19.42 19.46 19.64 20.00 
20.00 18.12 16.73 16.06 16.18 17.09 18.59 19.50 19.63 19.20 19.34 20.00 
20.00 16.94 14.85 13.91 14.15 15.71 19.16 20.59 20.41 18.39 18.52 20.00 
20.00 14.81 11.83 10.61 10.79 12.45 16.21 17.72 17.49 15.41 16.34 20.00 
20.00 10.46 7.05 5.90 5.94 7.09 9.97 11.03 10.88 9.43 11.44 20.00 
0.00 0.00 0.00 0.00 0.00 0.00 0.00 0.00 0.00 0.00 0.00 0.00 
